1111111111111111111111111
1111111111121211111111111
1000000000000000000000001
1000000000000000000000001
1000001111111111111000001
1000001000000000001000001
1000001000000000001000001
1000001000000000001000001
1000001000000000000000001
1000001000000000001000001
100000100000g000001000001
1000001000000000001000001
1000001111111111111000001
1000440000444440000004001
1000040000000040000044001
1000040000000040000404001
1000040000444440004004001
1000040000000040044444401
1000040000000040000004001
1000040000000040000004001
1000444000444440000004001
1000000000000000000000001
1111111111111111111111111