1111111111111111111111111
1111111111121211111111111
1787978778798798978777971
1797879798979789798977971
1979879979989897998989891
1787979897798979897989971
1789798979879989798979791
1789797879798979897989771
1787978789778979789797981
1789797897979897978979981
1779898797988979978978991
1789797897979897979879791
1777779879897989798979871
1879797989797899797897971
1789797897989798979897971
1789798979898798979798971
1879798797997989879798971
1879798979789897987978971
1789797879798979897989771
1897978979897978979897981
1879897897897979897979871
1879798989779897978989791
1111111111111111111111111